
------------------------------------------------------------------------
Final Pheromone Matrix:

------------------------------------------------------------------------
0.000000	0.475000	0.222222	0.222222	1.066667	0.680556	
0.475000	0.000000	0.858333	1.025000	0.000000	0.308333	
0.222222	0.858333	0.000000	0.563889	0.858333	0.608333	
0.222222	1.025000	0.563889	0.000000	0.041667	0.902778	
1.066667	0.000000	0.858333	0.041667	0.000000	0.166667	
0.680556	0.308333	0.608333	0.902778	0.166667	0.000000	

------------------------------------------------------------------------
------------------------------------------------------------------------
