Number of Vertex
20
Distance
9999 0 0 0 0 0 1 0 0 0 0 0 0 0 0 0 0 0 0 0
0 9999 1 0 0 0 0 0 0 0 0 0 0 0 1 0 0 0 0 0
0 0 9999 1 0 0 0 0 0 0 0 0 0 0 0 0 0 0 0 0
0 0 0 9999 0 1 0 0 0 0 0 0 0 0 0 0 0 0 0 0 
0 0 0 0 9999 0 0 0 0 0 0 0 0 0 0 0 1 0 0 1 
0 0 0 0 0 9999 0 0 0 0 0 0 0 0 0 0 0 0 1 0 
0 0 0 0 0 0 9999 0 0 0 0 0 0 0 0 0 0 0 0 1 
0 0 0 0 0 0 0 9999 1 0 0 0 0 0 0 0 0 0 1 0 
0 0 0 0 0 0 0 0 9999 1 0 0 0 0 0 0 0 0 0 0
0 0 0 0 0 0 0 0 0 9999 1 0 0 0 0 0 0 0 0 0 
0 0 0 0 0 0 0 0 0 0 9999 0 1 0 0 0 0 0 0 0 
0 0 0 0 0 0 0 0 0 0 0 9999 0 0 1 1 0 0 0 0
0 0 0 0 0 0 0 0 0 0 0 0 9999 0 0 0 0 1 0 0 
0 0 0 0 0 0 0 0 0 0 0 0 0 9999 0 0 1 1 0 0 
0 0 0 0 0 0 0 0 0 0 0 0 0 0 9999 0 0 0 0 0
0 0 0 0 0 0 0 0 0 0 0 0 0 0 0 9999 0 0 0 0 
0 0 0 0 0 0 0 0 0 0 0 0 0 0 0 0 9999 0 0 0 
0 0 0 0 0 0 0 0 0 0 0 0 0 0 0 0 0 0 9999 0 
0 0 0 0 0 0 0 0 0 0 0 0 0 0 0 0 0 0 0 9999 

